653129198602140608
652701197707052912
652701197403101471
610431199010093441
411023199009016088
652723198912102811
650105197301131339
652701198801011353
652701199105273717
65232219861128051X
652723196504200325
42212719781212463X
652723197105110714
654123198710291481
653121196808150959
650106198102190011
653222196510150093
65282719720208263X
650105198707202226
654322199208070711
653222200106231835
654122198508150013
652325199208140246
652401197004081817
654326199608120517
653021198903131127
653101197709044412
652722198201210238
653124198707101240
622301197905296443
642121196205291776
654024196805053381
654125199609030073
654325198604020016
51302719760616403X
653201200003150045
652701197909200434
653122199210283124
659001197607274612
652928198210011301
412724196606267450
653222196606050273
653226198011012723
654223199909254020
652122198508130010
653222197904121599
65232619680205102X
652824196008101442
654121198106075210
653226198310033014
653021197601150037
653225198404100533
652926198512102839
653222198401100299
654223197204091218
652722197111050213
653021199411010833
653223199407012434
653223195602100845
653221197510020975
653201196403080024
652923197408210334
652922198605241592
65322219680626433X
653222198103092075
653226198806250522
654325198811130015
652722198702010226
653222199001191296
654223198709050619
654124198012102512
65312819730305109X
653201199902230019
653224199410030429
653222198004031840
653022198409150011
653226198407172248
65270119911027292X
653128198206201281
652302197406154338
653226197001250029
654123198403143294
320882197412263435
654223197404204619
652701197208292516
653201197309150019
653224199903201417
653225198006010516
653121198502110910
652322197401252516
653222199409280276
653224196510011715
654101198604241968
653024197509211019
653021195810140012
65400119880305211X
653122199009161133
653222198803172738
652302199101190513
652825197205202024
654125198407100032
652826195811200018
654225198506150727
653201198102193016
65322219860917027X
654125198205052327
652327198811052628
654325198905170392
653224196505012342
653221197406041231
652826198901170020
653224198912100920
653222199604030635
654121198009203970
654124197804210031
653021198810181811
653022199104102822
653222199002024668
510922197503060670
65420119801023271X
653021197103090211
652122200001121430
653226198805153720
653221197909051538
652522197104075024
653226198906050210
653022199002182817
652324199304153526
653024199608132075
33018319890720321X
653222197907103265
653226194701080012
652826195612200859
653222196610044394
653221198305170434
654124198504283815
65302419680318001X
653126198610220211
653223197106183935
652526195311150011
652326197305080545
653225199806010535
652302197811161531
654126198301160519
652923195502040328
654324197309250045
653224198503102036
652302196805162824
652825197207140066
652326197105020564
652928196404050430
653226198405210028
65292519920420302X
654325198202040719
652122200101171419
654221199101030013
654123197306093286
652825196309150025
654124197806081229
65322619820918001X
653224197806121483
653130195910022023
14022219881119351X
653129199211122052
652701198808012535
65412119860423005X
65212219570403273X
653226198711030260
653224197212071415
652701199508260013
653222198109100814
653129199106301833
65412419710312005X
653121195610200012
652327198303050618
654225198011260318
653222197509073291
653222198002280261
653222199807082312
65422319971109122X
652122197005030048
652302198504071012
652701199202094534
622927198801035530
653024198804010847
65412819791027152X
652122195708203225
652901198605065718
432522197403196458
653130195710150012
652302197012042819
653226196309072527
653222197610250299
652723197108170018
653130197301080032
653126195905101830
654124197612130029
653201197601260530
652929199905110278
652101199002141321
653222195904060264
653222199205300618
642223198910162432
412723199204166435
650121198111301717
622424198801161637
653226199901231412
511111198711245517
652827198810051815
653226198407171413
653122197909283735
652929198504030272
652722198611240018
653021198303200491
342531199209042213
65010419780512331X
654121198707014413
652723199107121029
653222199211040277
653022197605012367
622301199101069180
653226196905070026
653226198312051929
654124198107160010
654001197206262915
653227198006110018
652302199002233821
652326197104141022
654121199105210040
653222199401023742
653130197809122168
653128197502070146
650106198701282022
653225195910150038
653222198203102453
653226200001010038
650104197904150719
653225197903100023
652701198601165112
362222195404247217
654121199011173461
652926197705151712
65412119790328001X
653021198209200241
653022199201302711
654121197311082765
650102196506154637
653222198904160285
654124197612112541
65312219730401003X
652722199706160517
653222199303200872
653224197909140935
653222196904050343
652701197703164511
654121198009012779
654121197304131792
653222198404070638
653021197605051116
653226197405151123
653122198906102913
65230219851223052X
653122198511053168
652326196906082015
652827198203252172
652326197012272025
653128198406011466
653226199407200530
653227198910010031
652923195701050342
653222198004011815
653021198409021125
653022199108130062
653024198004011227
653021197411110413
653226199202141127
653226197707123523
659001199805240623
652122198608123221
659001198512012817
652801197609103419
654223197303104627
653222197706063316
650203197604161829
654101199306041997
652701200204011240
652501196810201220
65412619800401163X
411303198911100010
653021195802230210
652926197105152914
65270119661010083X
652302198512161018
65422419910312133X
653121196707100012
652801198308162823
653221196201161710
653222198303190315
653201197306011021
653226198408020019
653225197602141016
652122197605280040
65302119530720025X
652825199008220038
653222199809271811
653222198202104051
653021198901150228
654121196605202553
653129199111271616
654125200003121814
654301199507011525
652723198611041015
654221196812290053
65232519850815301X
654326198603132522
652827198407182946
653226198309210247
653221198804101142
650105198111092222
642223198606202225
653222195007160273
652827197503070026
653129199402100681
653222198603160628
653223197905063518
652828195404010826
65412519841110102X
653128198812080248
652701199010102923
652827199506240114
653226197908250051
654122198510054645
652327196506230011
650104198309230022
653021198703100246
652302196310013624
653222198403011564
653225198504150095
653128197503170229
650104198407080734
652723198710081928
653221199607011118
653129199405082052
654001199402152122
653222198503201816
653024196204130424
652923196801040349
653226198705210820
512301196310274093
650108198701101925
652822199111101118
654225199007090920
653222197803030647
653221200011201637
653222199706012972
653226199202202516
652722199612280526
653224198804050719
653226197807200813
652122198906170050
652925199202130736
653226199804170515
62011119840712351X
654223197705130625
653221199809051230
653201197603090029
653226197003160211
659001199808102859
653222196802024718
650102198507166532
652928198402122575
652825199110113044
653222198705012714
653024199706150824
653222199305052340
653226198705043719
653021196604130045
511028198101053827
652825196002030029
652827196906190028
652926197309050063
650104196409251702
65302219940520323X
653222198502102461
652201199406294346
652901198410284814
653124197704163652
654201196407242124
652722198106070230
653222198710073669
650104198106075018
65282219681210051X
652923198206161436
652928198209131277
653128197004100154
654221198303062414
654124199504051242
653227198605250039
653201198402021021
654325196604100519
654124199601201476
653222199408062314
370682198405171914
65322219831021248X
65322119880308095X
654027199203033618
653129198602140608
65302219830812261X
652926196710100042
653121199405200038
65302319741122021X
652122196007100017
653224198302202030
653122199301100856
652101198611220442
652302198404101528
653223199002102466
652929197202080552
653201199405302333
654221198702271029
653201198012182364
652723198903131012
130221197412240048
620525199006151426
652701198905170412
653129198901012032
653021196805040812
653122199203043413
654001196302012129
653024198610091626
654123197904090018
654326199802072010
65302119980503001X
65412219921210002X
654124199110020021
65272219890609154X
654124197203160032
653222199810292062
653021199406100033
653224196803032325
371322196703185416
653021198209240016
652801199102086727
65322419850608235X
653224198510120216
653225198702030510
654322199903253210
653222198907083756
650104198308051647
652701197902191221
654124197403062525
653021195307260412
513025197511122192
653226199902101951
652928199712011402
653021199101140026
653222197412010286
652523196808242814
653225195905140513
652322198006150573
65312819870604098X
652827197005272012
653201198808090131
653226197201103736
620402199303112730
654121196312121768
654223197511102415
653226198810151914
65232219881130052X
653201198907252511
652822196002180028
653225198705040589
652302199409180047
653022199101101779
652701199504290426
653125199009182814
653221197708040437
653022198609102129
652928196205121275
654125197808041016
653222197411260013
653225197404100010
653225199201290028
652822196709011148
653221198005101023
653130197903132717
653225198011160033
652928197710090654
65302219861220322X
653225197304160542
653225195311200013
652723198808111312
653221196311081236
65282619860602002X
650204198305130011
65232419660620003X
652626197209090918
653129199207130463
653226198105230019
653223197804112421
610323198411248088
653122198810153150
65302219820115323X
653222197005041616
653226197711090517
653021199606040012
653222198404104367
653221198404201910
653022198903053225
652425197705091613
653221198701010950
652928194808150439
650121196901013710
653221196607062229
654322198706260716
653001195201200416
653021197106140245
653222199503283713
653021198506171619
652923199305211122
653222197204153274
652929197403040354
653227198303281526
654201197702101839
653022198106153039
652928195904203320
650103197008073296
653201197209141529
65302219800103173X
653221199503041566
652122197309210021
654122199001040039
65212219790704051X
654101198407071162
653024195308230011
652122198407250013
65312219770901002X
654325197910050913
654124197502090011
653227198609290011
653222198511122077
653126196305150019
652827199010100046
653130199308270022
653222197002090025
650105198001012244
652324198803051917
653222199808190024
653222198601014010
652325198712010411
412828198104246334
653222196404012092
622927197505048535
653224197110202218
653122199204202658
652325198501282038
654226196102140220
653222198901023285
511321199308128060
653226198006240238
654223197012301823
653121197102020049
653022199011280283
654127198111011535
653226198004083515
652122197504200064
652901197603043035
653224197002070916
654225199410110733
653021198712101128
65322119800206161X
654001198407154114
653021199411171610
653021199809170853
652722197304120222
652827197312201417
65312519930407623X
652901198707051114
653226197808090214
653101196907160065
653222196006210026
653223196601103213
653222197703202077
65302119650710163X
653022198007022412
652501196509093523
650108198005101913
653021198508170820
653022198411022115
652701198812203713
65312219920510315X
652324199303302219
652926198402080210
653222198104041317
653022198511121233
65412519670604027X
653222198701022392
653222199710050277
653126199812200010
43052119761108265X
653201198811102527
32038119910904493X
653022198009090814
653021199309131153
65322619671215301X
653222199410050013
653123197310060814
653127199509080032
65312119990607093X
65412319761028006X
653222198308154591
652323196706172025
65232719730810262X
652302199202211547
653225198704183027
654124198506252529
653222198506084037
653224197303022344
653227197210020015
654001199802192123
654127195207100037
652323198011070515
653222197905253673
652122197901051429
653201198805102010
513902199609153062
65302419460110209X
653201196210041539
653022198911041347
652324198609240917
412721198510093417
652423197102222837
653222198309020018
653222199612013325
622626196910101312
652302198110183310
653222198509014325
653222198806050867
654124198910152562
652122196305090064
653221198609271947
653226198212100818
652101199111251829
653022199403202313
653222197306200027
653222198710130299
653222199902022991
654223199905074049
654223199109264028
653129196902101812
653021198106050834
653223200011010390
652929198612100768
65322619810416040X
653222199206070834
654126199404034317
653226198404110826
653201197106080014
653221198801042132
653222198803100646
653130197308180028
652325196310121240
653022197209250064
653221198004010146
622726197507032070
652323197708032637
65322219760315029X
653222198005081276
652328198203231768
653221199307290485
653224198602102322
653224199412041738
653225195104040010
653225198303162049
652327199512243517
653021196508121114
652101198605110044
652122199102034226
65313019860503307X
654325197906230719
653225197606151553
653226196702160021
653024198806050412
65322619790603171X
511024198806181321
653121195806081713
654124197208120056
653125199908022830
622323198904163780
653121199807040612
653128198506070332
654201197309040830
654225198203102218
653226199007023221
653221199409031513
620523198903061159
653201199011253524
653024197606101815
653024197903210815
653222198705084339
653226198105073527
652302197006263818
652301197306065518
650103196811113256
653222199402151842
653224196504010046
622301199209129333
652325199802102621
654226198204101619
650103197611236029
653222194806280023
653021200210120011
654121197303024039
653225197707010573
652122197902221418
654221199306010040
652825196502211010
652325197911051852
654322197010260748
652325198412160442
652122197406202816
653222198304081591
652122197010112320
412724199204145112
652721197610240840
654325198908090937
653225199704101516
653226199612201911
653130198308230034
653222197502212316
652801197602156120
653224198905141417
653222199101200284
654124197505144716
653222196610084046
653221198712310414
653222197204060318
653222199002070824
653121197112080635
653225197910120014
652901194712051110
65292919840414052X
65322219830111081X
652827197911010313
653221199007101531
65292919910809026X
653224197711262312
652829196801150719
653201199105250535
654124198805012031
412702199102196041
412929197608157850
65322219940815127X
653022197012052355
653226198701113214
653024199406040412
65322219900301471X
654122198204060019
653022198701190192
653021196404100650
65422219870201634X
320626197011011411
652827197103051213
653223197911120312
653224198106281114
652923198812180303
65322619730310115X
653224199703100910
653221195904151717
653021197110181752
653021198810021631
653224199009240921
653224198602160266
653221198101050975
65300119861001161X
653222199704014579
632122198505061810
650104197507014211
653128196407100015
653021198505030814
653222199008022911
653101196010020455
612429197908178258
65212219830907321X
654322197607143528
65302419570213241X
653222198001014578
652524196805020016
652928199402163283
653223199806170827
654322197209150765
653021196511100816
653125197612180611
65010219760524451X
654123197511080038
513030199710084248
653225196803010579
653222199605191596
654201197908250012
652302198512251515
653022196601011274
653125197805270218
653224198603252031
652302196208182819
653022197604012816
653022196206080050
653222198606194225
653222198010150811
653227196907150026
653222199003220273
652302198506051015
65242119691010003X
652825198711273321
652524196109211812
412925197606295234
652302198802152021
653221198904110732
653222196504050010
622223196702100357
653022195803150825
653021197506050839
65322219720903002X
652302198011174320
653001197404120423
650104198002240015
653222196906100041
652324198310080015
653225199011280515
652523196608014729
652301196412116417
510623197205164826
652122197709054224
653021195508051414
653222197309012064
654123196303103296
653222198604010613
653222196709100827
652401196305180558
654222198202020510
622626198410180017
654223197912080069
652122197912050018
622630197802220452
652302197110202062
652827196312192923
652723197501140341
653022199106100847
653221197405161549
653125196906133218
654223199408181513
653126199003210219
65282519470623002X
653125196604200649
653126197309034415
654124196905210028
653128197004190102
652302197902130028
653021198005180218
622323198909100148
652801198105164538
652928195805280654
652523196411190534
650102198407096215
653225199305100559
510221197301205128
653222198312054315
653126198104031485
653222198307021818
653221198201151722
652122197607131428
653222198507280814
653222199803104254
653222199509173267
653222197304123662
652601196506270411
654124199504214013
653221197905291518
654223198802204010
652928198903122143
653221198008241128
652701197610050814
652923195808044428
653222198503151812
653129199702102056
653124197112154613
653221199402231512
652302198003071022
654124197803220035
62052519880602181X
65302119640509001X
132127197805250348
654222198207040027
